+3.3221170e+05 +3.0608030e+06 -1.2000000e+04 
+3.2284100e+05 +3.0446494e+06 -1.2000000e+04 
+3.4221440e+05 +3.0678661e+06 -1.2000000e+04 
+3.4129100e+05 +3.0494400e+06 -1.2000000e+04 
+3.2209900e+05 +3.0605600e+06 -1.2000000e+04 
+3.3698810e+05 +3.0853602e+06 -1.2000000e+04 
+3.4632220e+05 +3.0363638e+06 -1.2000000e+04 
+3.5182240e+05 +3.0543512e+06 -1.2000000e+04 
+3.0716150e+05 +3.0482089e+06 -1.2000000e+04 
+3.0063020e+05 +3.0675968e+06 -1.2000000e+04 
+3.1584830e+05 +3.0344380e+06 -1.2000000e+04 
+3.5055230e+05 +3.0677633e+06 -1.2000000e+04 
+3.1853710e+05 +3.0729444e+06 -1.2000000e+04 
+3.4221170e+05 +3.0708030e+06 -1.2000000e+04 
+3.2221170e+05 +3.0808030e+06 -1.2000000e+04 
+3.1221170e+05 +3.0708030e+06 -1.2000000e+04 
+3.4221170e+05 +3.0488030e+06 -1.2000000e+04 
+3.2021170e+05 +3.0488030e+06 -1.2000000e+04 
+3.2021170e+05 +3.0598030e+06 -1.2000000e+04 
+3.4421170e+05 +3.0628030e+06 -1.2000000e+04 
+3.3227360e+05 +3.0562429e+06 -1.2000000e+04 
+3.2833540e+05 +3.0640601e+06 -1.2000000e+04 
+3.0988830e+05 +3.0719586e+06 -1.2000000e+04 
+3.4309670e+05 +3.0593892e+06 -1.2000000e+04 
+3.3630850e+05 +3.0486502e+06 -1.2000000e+04 
+3.2454890e+05 +3.0431074e+06 -1.2000000e+04 
+3.1319060e+05 +3.0355168e+06 -1.2000000e+04 
+3.4219190e+05 +3.0820484e+06 -1.2000000e+04 
+3.4455680e+05 +3.0386391e+06 -1.2000000e+04 
+3.5735070e+05 +3.0621361e+06 -1.2000000e+04 
+3.4427360e+05 +3.0662429e+06 -1.2000000e+04 
+3.2427360e+05 +3.0762429e+06 -1.2000000e+04 
+3.2227360e+05 +3.0692429e+06 -1.2000000e+04 
+3.3327360e+05 +3.0452429e+06 -1.2000000e+04 
+3.2027360e+05 +3.0442429e+06 -1.2000000e+04 
+3.2027360e+05 +3.0552429e+06 -1.2000000e+04 
+3.3627360e+05 +3.0722429e+06 -1.2000000e+04 
+3.4527360e+05 +3.0532429e+06 -1.2000000e+04 
+3.4627360e+05 +3.0502429e+06 -1.2000000e+04 
+3.1827360e+05 +3.0482429e+06 -1.2000000e+04 
